
# Curve 0 of 1, 33 points
# Curve title: "(poly)  "
# x y ylow yhigh type
 1  8.92182  8.86293  8.98072  i
 0.975  9.08794  9.01693  9.15895  i
 0.95  9.32075  9.22187  9.41963  i
 0.925  9.5311  9.4582  9.60401  i
 0.9  9.75042  9.66972  9.83113  i
 0.875  9.92774  9.79385  10.0616  i
 0.85  10.0722  10.018  10.1264  i
 0.825  10.1936  10.1298  10.2573  i
 0.8  10.3097  10.2145  10.4048  i
 0.775  10.413  10.345  10.481  i
 0.75  10.4641  10.4159  10.5123  i
 0.725  10.5194  10.4772  10.5616  i
 0.7  10.5258  10.4815  10.5701  i
 0.675  10.5028  10.4784  10.5272  i
 0.65  10.4812  10.455  10.5074  i
 0.625  10.4623  10.433  10.4917  i
 0.6  10.447  10.3944  10.4996  i
 0.575  10.4211  10.386  10.4562  i
 0.55  10.3963  10.3749  10.4178  i
 0.525  10.3757  10.3525  10.3988  i
 0.5  10.3559  10.3365  10.3753  i
 0.475  10.341  10.3168  10.3652  i
 0.45  10.3285  10.3001  10.3569  i
 0.425  10.3034  10.2799  10.3269  i
 0.4  10.2844  10.2649  10.3039  i
 0.375  10.2619  10.2432  10.2806  i
 0.35  10.2521  10.2339  10.2702  i
 0.325  10.2341  10.2201  10.248  i
 0.3  10.2193  10.2036  10.2351  i
 0.275  10.2047  10.1862  10.2231  i
 0.25  10.184  10.1628  10.2053  i
 0.225  10.1656  10.1545  10.1768  i
 0.2  10.1481  10.1329  10.1632  i

