
# Curve 0 of 6, 35 points
# Curve title: "t[10^6{/Symbol t}] = 0.0"
# x y xlow xhigh type
 0  NaN  0  0  u
 0.8  NaN  0.8  0.8  u
 1.6  NaN  1.6  1.6  u
 2.4  NaN  2.4  2.4  u
 3.2  NaN  3.2  3.2  u
 4  NaN  4  4  u
 4.8  NaN  4.8  4.8  u
 5.6  NaN  5.6  5.6  u
 6.4  NaN  6.4  6.4  u
 7.2  NaN  7.2  7.2  u
 8  NaN  8  8  u
 8.8  NaN  8.8  8.8  u
 9.6  NaN  9.6  9.6  u
 10.4  NaN  10.4  10.4  u
 11.2  NaN  11.2  11.2  u
 12  NaN  12  12  u
 12.8  NaN  12.8  12.8  u

 0  0  0  0  i
 0.8  0.021401  0.8  0.8  i
 1.6  0.072902  1.6  1.6  i
 2.4  0.143639  2.4  2.4  i
 3.2  0.187523  3.2  3.2  i
 4  0.204688  4  4  i
 4.8  0.181075  4.8  4.8  i
 5.6  0.128937  5.6  5.6  i
 6.4  0.099946  6.4  6.4  i
 7.2  0.07613  7.2  7.2  i
 8  0.054995  8  8  i
 8.8  0.035488  8.8  8.8  i
 9.6  0.022013  9.6  9.6  i
 10.4  0.012306  10.4  10.4  i
 11.2  0.00624  11.2  11.2  i
 12  0.002716  12  12  i
 12.8  0  12.8  12.8  i


# Curve 1 of 6, 211 points
# Curve title: "1.2"
# x y xlow xhigh type
 0  NaN  0  0  u
 0.8  NaN  0.8  0.8  u
 1.6  NaN  1.6  1.6  u
 2.4  NaN  2.4  2.4  u
 3.2  NaN  3.2  3.2  u
 4  NaN  4  4  u
 4.8  NaN  4.8  4.8  u
 5.6  NaN  5.6  5.6  u
 6.4  NaN  6.4  6.4  u
 7.2  NaN  7.2  7.2  u
 8  NaN  8  8  u
 8.8  NaN  8.8  8.8  u
 9.6  NaN  9.6  9.6  u
 10.4  NaN  10.4  10.4  u
 11.2  NaN  11.2  11.2  u
 12  NaN  12  12  u
 12.8  NaN  12.8  12.8  u
 13.6  NaN  13.6  13.6  u
 14.4  NaN  14.4  14.4  u
 15.2  NaN  15.2  15.2  u
 16  NaN  16  16  u
 16.8  NaN  16.8  16.8  u
 17.6  NaN  17.6  17.6  u
 18.4  NaN  18.4  18.4  u
 19.2  NaN  19.2  19.2  u
 20  NaN  20  20  u
 20.8  NaN  20.8  20.8  u
 21.6  NaN  21.6  21.6  u
 22.4  NaN  22.4  22.4  u
 23.2  NaN  23.2  23.2  u
 24  NaN  24  24  u
 24.8  NaN  24.8  24.8  u
 25.6  NaN  25.6  25.6  u
 26.4  NaN  26.4  26.4  u
 27.2  NaN  27.2  27.2  u
 28  NaN  28  28  u
 28.8  NaN  28.8  28.8  u
 29.6  NaN  29.6  29.6  u
 30.4  NaN  30.4  30.4  u
 31.2  NaN  31.2  31.2  u
 32  NaN  32  32  u
 32.8  NaN  32.8  32.8  u
 33.6  NaN  33.6  33.6  u
 34.4  NaN  34.4  34.4  u
 35.2  NaN  35.2  35.2  u
 36  NaN  36  36  u
 36.8  NaN  36.8  36.8  u
 37.6  NaN  37.6  37.6  u
 38.4  NaN  38.4  38.4  u
 39.2  NaN  39.2  39.2  u
 40  NaN  40  40  u
 40.8  NaN  40.8  40.8  u
 41.6  NaN  41.6  41.6  u
 42.4  NaN  42.4  42.4  u
 43.2  NaN  43.2  43.2  u
 44  NaN  44  44  u
 44.8  NaN  44.8  44.8  u
 45.6  NaN  45.6  45.6  u
 46.4  NaN  46.4  46.4  u
 47.2  NaN  47.2  47.2  u
 48  NaN  48  48  u
 48.8  NaN  48.8  48.8  u
 49.6  NaN  49.6  49.6  u
 50.4  NaN  50.4  50.4  u
 51.2  NaN  51.2  51.2  u
 52  NaN  52  52  u
 52.8  NaN  52.8  52.8  u
 53.6  NaN  53.6  53.6  u
 54.4  NaN  54.4  54.4  u
 55.2  NaN  55.2  55.2  u
 56  NaN  56  56  u
 56.8  NaN  56.8  56.8  u
 57.6  NaN  57.6  57.6  u
 58.4  NaN  58.4  58.4  u
 59.2  NaN  59.2  59.2  u
 60  NaN  60  60  u
 60.8  NaN  60.8  60.8  u
 61.6  NaN  61.6  61.6  u
 62.4  NaN  62.4  62.4  u
 63.2  NaN  63.2  63.2  u
 64  NaN  64  64  u
 64.8  NaN  64.8  64.8  u
 65.6  NaN  65.6  65.6  u
 66.4  NaN  66.4  66.4  u
 67.2  NaN  67.2  67.2  u
 68  NaN  68  68  u
 68.8  NaN  68.8  68.8  u
 69.6  NaN  69.6  69.6  u
 70.4  NaN  70.4  70.4  u
 71.2  NaN  71.2  71.2  u
 72  NaN  72  72  u
 72.8  NaN  72.8  72.8  u
 73.6  NaN  73.6  73.6  u
 74.4  NaN  74.4  74.4  u
 75.2  NaN  75.2  75.2  u
 76  NaN  76  76  u
 76.8  NaN  76.8  76.8  u
 77.6  NaN  77.6  77.6  u
 78.4  NaN  78.4  78.4  u
 79.2  NaN  79.2  79.2  u
 80  NaN  80  80  u
 80.8  NaN  80.8  80.8  u
 81.6  NaN  81.6  81.6  u
 82.4  NaN  82.4  82.4  u
 83.2  NaN  83.2  83.2  u

 0  0  0  0  i
 0.8  0.002533  0.8  0.8  i
 1.6  0.006723  1.6  1.6  i
 2.4  0.010318  2.4  2.4  i
 3.2  0.011451  3.2  3.2  i
 4  0.013062  4  4  i
 4.8  0.013395  4.8  4.8  i
 5.6  0.011822  5.6  5.6  i
 6.4  0.011837  6.4  6.4  i
 7.2  0.011406  7.2  7.2  i
 8  0.010071  8  8  i
 8.8  0.00824  8.8  8.8  i
 9.6  0.007121  9.6  9.6  i
 10.4  0.006017  10.4  10.4  i
 11.2  0.004861  11.2  11.2  i
 12  0.00432  12  12  i
 12.8  0.004243  12.8  12.8  i
 13.6  0.004136  13.6  13.6  i
 14.4  0.004043  14.4  14.4  i
 15.2  0.004302  15.2  15.2  i
 16  0.004467  16  16  i
 16.8  0.004912  16.8  16.8  i
 17.6  0.004733  17.6  17.6  i
 18.4  0.004082  18.4  18.4  i
 19.2  0.005741  19.2  19.2  i
 20  0.005475  20  20  i
 20.8  0.004261  20.8  20.8  i
 21.6  0.004567  21.6  21.6  i
 22.4  0.005718  22.4  22.4  i
 23.2  0.008839  23.2  23.2  i
 24  0.008872  24  24  i
 24.8  0.013499  24.8  24.8  i
 25.6  0.011994  25.6  25.6  i
 26.4  0.004327  26.4  26.4  i
 27.2  0.005323  27.2  27.2  i
 28  0.008523  28  28  i
 28.8  0.011297  28.8  28.8  i
 29.6  0.017536  29.6  29.6  i
 30.4  0.022408  30.4  30.4  i
 31.2  0.013724  31.2  31.2  i
 32  0.005996  32  32  i
 32.8  0.013652  32.8  32.8  i
 33.6  0.018976  33.6  33.6  i
 34.4  0.01049  34.4  34.4  i
 35.2  0.008989  35.2  35.2  i
 36  0.009678  36  36  i
 36.8  0.005974  36.8  36.8  i
 37.6  0.005982  37.6  37.6  i
 38.4  0.009634  38.4  38.4  i
 39.2  0.01027  39.2  39.2  i
 40  0.018121  40  40  i
 40.8  0.022032  40.8  40.8  i
 41.6  0.01037  41.6  41.6  i
 42.4  0.006066  42.4  42.4  i
 43.2  0.006454  43.2  43.2  i
 44  0.014822  44  44  i
 44.8  0.022255  44.8  44.8  i
 45.6  0.024545  45.6  45.6  i
 46.4  0.039948  46.4  46.4  i
 47.2  0.044953  47.2  47.2  i
 48  0.022302  48  48  i
 48.8  0.022931  48.8  48.8  i
 49.6  0.029536  49.6  49.6  i
 50.4  0.012275  50.4  50.4  i
 51.2  0.004821  51.2  51.2  i
 52  0.013615  52  52  i
 52.8  0.014814  52.8  52.8  i
 53.6  0.016455  53.6  53.6  i
 54.4  0.015096  54.4  54.4  i
 55.2  0.016072  55.2  55.2  i
 56  0.026372  56  56  i
 56.8  0.014254  56.8  56.8  i
 57.6  0.00405  57.6  57.6  i
 58.4  0.016489  58.4  58.4  i
 59.2  0.027903  59.2  59.2  i
 60  0.017253  60  60  i
 60.8  0.018048  60.8  60.8  i
 61.6  0.01642  61.6  61.6  i
 62.4  0.004429  62.4  62.4  i
 63.2  0.021077  63.2  63.2  i
 64  0.035184  64  64  i
 64.8  0.034609  64.8  64.8  i
 65.6  0.019609  65.6  65.6  i
 66.4  0.004268  66.4  66.4  i
 67.2  0.020165  67.2  67.2  i
 68  0.01992  68  68  i
 68.8  0.004422  68.8  68.8  i
 69.6  0.036882  69.6  69.6  i
 70.4  0.035806  70.4  70.4  i
 71.2  0.001761  71.2  71.2  i
 72  0.001388  72  72  i
 72.8  0.001799  72.8  72.8  i
 73.6  0.002351  73.6  73.6  i
 74.4  0.019318  74.4  74.4  i
 75.2  0.018322  75.2  75.2  i
 76  0.001084  76  76  i
 76.8  0.000926  76.8  76.8  i
 77.6  0.000963  77.6  77.6  i
 78.4  0.000988  78.4  78.4  i
 79.2  0.001028  79.2  79.2  i
 80  0.001231  80  80  i
 80.8  0.001075  80.8  80.8  i
 81.6  0.001771  81.6  81.6  i
 82.4  0.021516  82.4  82.4  i
 83.2  0  83.2  83.2  i


# Curve 2 of 6, 35 points
# x y xlow xhigh type
 0  NaN  0  0  u
 0.8  NaN  0.8  0.8  u
 1.6  NaN  1.6  1.6  u
 2.4  NaN  2.4  2.4  u
 3.2  NaN  3.2  3.2  u
 4  NaN  4  4  u
 4.8  NaN  4.8  4.8  u
 5.6  NaN  5.6  5.6  u
 6.4  NaN  6.4  6.4  u
 7.2  NaN  7.2  7.2  u
 8  NaN  8  8  u
 8.8  NaN  8.8  8.8  u
 9.6  NaN  9.6  9.6  u
 10.4  NaN  10.4  10.4  u
 11.2  NaN  11.2  11.2  u
 12  NaN  12  12  u
 12.8  NaN  12.8  12.8  u

 0  0  0  0  i
 0.8  0.021401  0.8  0.8  i
 1.6  0.072902  1.6  1.6  i
 2.4  0.143639  2.4  2.4  i
 3.2  0.187523  3.2  3.2  i
 4  0.204688  4  4  i
 4.8  0.181075  4.8  4.8  i
 5.6  0.128937  5.6  5.6  i
 6.4  0.099946  6.4  6.4  i
 7.2  0.07613  7.2  7.2  i
 8  0.054995  8  8  i
 8.8  0.035488  8.8  8.8  i
 9.6  0.022013  9.6  9.6  i
 10.4  0.012306  10.4  10.4  i
 11.2  0.00624  11.2  11.2  i
 12  0.002716  12  12  i
 12.8  0  12.8  12.8  i


# Curve 3 of 6, 211 points
# x y type
 0  NaN  u
 0.8  NaN  u
 1.6  NaN  u
 2.4  NaN  u
 3.2  NaN  u
 4  NaN  u
 4.8  NaN  u
 5.6  NaN  u
 6.4  NaN  u
 7.2  NaN  u
 8  NaN  u
 8.8  NaN  u
 9.6  NaN  u
 10.4  NaN  u
 11.2  NaN  u
 12  NaN  u
 12.8  NaN  u
 13.6  NaN  u
 14.4  NaN  u
 15.2  NaN  u
 16  NaN  u
 16.8  NaN  u
 17.6  NaN  u
 18.4  NaN  u
 19.2  NaN  u
 20  NaN  u
 20.8  NaN  u
 21.6  NaN  u
 22.4  NaN  u
 23.2  NaN  u
 24  NaN  u
 24.8  NaN  u
 25.6  NaN  u
 26.4  NaN  u
 27.2  NaN  u
 28  NaN  u
 28.8  NaN  u
 29.6  NaN  u
 30.4  NaN  u
 31.2  NaN  u
 32  NaN  u
 32.8  NaN  u
 33.6  NaN  u
 34.4  NaN  u
 35.2  NaN  u
 36  NaN  u
 36.8  NaN  u
 37.6  NaN  u
 38.4  NaN  u
 39.2  NaN  u
 40  NaN  u
 40.8  NaN  u
 41.6  NaN  u
 42.4  NaN  u
 43.2  NaN  u
 44  NaN  u
 44.8  NaN  u
 45.6  NaN  u
 46.4  NaN  u
 47.2  NaN  u
 48  NaN  u
 48.8  NaN  u
 49.6  NaN  u
 50.4  NaN  u
 51.2  NaN  u
 52  NaN  u
 52.8  NaN  u
 53.6  NaN  u
 54.4  NaN  u
 55.2  NaN  u
 56  NaN  u
 56.8  NaN  u
 57.6  NaN  u
 58.4  NaN  u
 59.2  NaN  u
 60  NaN  u
 60.8  NaN  u
 61.6  NaN  u
 62.4  NaN  u
 63.2  NaN  u
 64  NaN  u
 64.8  NaN  u
 65.6  NaN  u
 66.4  NaN  u
 67.2  NaN  u
 68  NaN  u
 68.8  NaN  u
 69.6  NaN  u
 70.4  NaN  u
 71.2  NaN  u
 72  NaN  u
 72.8  NaN  u
 73.6  NaN  u
 74.4  NaN  u
 75.2  NaN  u
 76  NaN  u
 76.8  NaN  u
 77.6  NaN  u
 78.4  NaN  u
 79.2  NaN  u
 80  NaN  u
 80.8  NaN  u
 81.6  NaN  u
 82.4  NaN  u
 83.2  NaN  u

 0  0  i
 0.8  0.002533  i
 1.6  0.006723  i
 2.4  0.010318  i
 3.2  0.011451  i
 4  0.013062  i
 4.8  0.013395  i
 5.6  0.011822  i
 6.4  0.011837  i
 7.2  0.011406  i
 8  0.010071  i
 8.8  0.00824  i
 9.6  0.007121  i
 10.4  0.006017  i
 11.2  0.004861  i
 12  0.00432  i
 12.8  0.004243  i
 13.6  0.004136  i
 14.4  0.004043  i
 15.2  0.004302  i
 16  0.004467  i
 16.8  0.004912  i
 17.6  0.004733  i
 18.4  0.004082  i
 19.2  0.005741  i
 20  0.005475  i
 20.8  0.004261  i
 21.6  0.004567  i
 22.4  0.005718  i
 23.2  0.008839  i
 24  0.008872  i
 24.8  0.013499  i
 25.6  0.011994  i
 26.4  0.004327  i
 27.2  0.005323  i
 28  0.008523  i
 28.8  0.011297  i
 29.6  0.017536  i
 30.4  0.022408  i
 31.2  0.013724  i
 32  0.005996  i
 32.8  0.013652  i
 33.6  0.018976  i
 34.4  0.01049  i
 35.2  0.008989  i
 36  0.009678  i
 36.8  0.005974  i
 37.6  0.005982  i
 38.4  0.009634  i
 39.2  0.01027  i
 40  0.018121  i
 40.8  0.022032  i
 41.6  0.01037  i
 42.4  0.006066  i
 43.2  0.006454  i
 44  0.014822  i
 44.8  0.022255  i
 45.6  0.024545  i
 46.4  0.039948  i
 47.2  0.044953  i
 48  0.022302  i
 48.8  0.022931  i
 49.6  0.029536  i
 50.4  0.012275  i
 51.2  0.004821  i
 52  0.013615  i
 52.8  0.014814  i
 53.6  0.016455  i
 54.4  0.015096  i
 55.2  0.016072  i
 56  0.026372  i
 56.8  0.014254  i
 57.6  0.00405  i
 58.4  0.016489  i
 59.2  0.027903  i
 60  0.017253  i
 60.8  0.018048  i
 61.6  0.01642  i
 62.4  0.004429  i
 63.2  0.021077  i
 64  0.035184  i
 64.8  0.034609  i
 65.6  0.019609  i
 66.4  0.004268  i
 67.2  0.020165  i
 68  0.01992  i
 68.8  0.004422  i
 69.6  0.036882  i
 70.4  0.035806  i
 71.2  0.001761  i
 72  0.001388  i
 72.8  0.001799  i
 73.6  0.002351  i
 74.4  0.019318  i
 75.2  0.018322  i
 76  0.001084  i
 76.8  0.000926  i
 77.6  0.000963  i
 78.4  0.000988  i
 79.2  0.001028  i
 80  0.001231  i
 80.8  0.001075  i
 81.6  0.001771  i
 82.4  0.021516  i
 83.2  0  i


# Curve 4 of 6, 210 points
# x y xlow xhigh type
 0  NaN  0  0  u
 0.8  NaN  0.8  0.8  u
 1.6  NaN  1.6  1.6  u
 2.4  NaN  2.4  2.4  u
 3.2  NaN  3.2  3.2  u
 4  NaN  4  4  u
 4.8  NaN  4.8  4.8  u
 5.6  NaN  5.6  5.6  u
 6.4  NaN  6.4  6.4  u
 7.2  NaN  7.2  7.2  u
 8  NaN  8  8  u
 8.8  NaN  8.8  8.8  u
 9.6  NaN  9.6  9.6  u
 10.4  NaN  10.4  10.4  u
 11.2  NaN  11.2  11.2  u
 12  NaN  12  12  u
 12.8  NaN  12.8  12.8  u
 13.6  NaN  13.6  13.6  u
 14.4  NaN  14.4  14.4  u
 15.2  NaN  15.2  15.2  u
 16  NaN  16  16  u
 16.8  NaN  16.8  16.8  u
 17.6  NaN  17.6  17.6  u
 18.4  NaN  18.4  18.4  u
 19.2  NaN  19.2  19.2  u
 20  NaN  20  20  u
 20.8  NaN  20.8  20.8  u
 21.6  NaN  21.6  21.6  u
 22.4  NaN  22.4  22.4  u
 23.2  NaN  23.2  23.2  u
 24  NaN  24  24  u
 24.8  NaN  24.8  24.8  u
 25.6  NaN  25.6  25.6  u
 26.4  NaN  26.4  26.4  u
 27.2  NaN  27.2  27.2  u
 28  NaN  28  28  u
 28.8  NaN  28.8  28.8  u
 29.6  NaN  29.6  29.6  u
 30.4  NaN  30.4  30.4  u
 31.2  NaN  31.2  31.2  u
 32  NaN  32  32  u
 32.8  NaN  32.8  32.8  u
 33.6  NaN  33.6  33.6  u
 34.4  NaN  34.4  34.4  u
 35.2  NaN  35.2  35.2  u
 36  NaN  36  36  u
 36.8  NaN  36.8  36.8  u
 37.6  NaN  37.6  37.6  u
 38.4  NaN  38.4  38.4  u
 39.2  NaN  39.2  39.2  u
 40  NaN  40  40  u
 40.8  NaN  40.8  40.8  u
 41.6  NaN  41.6  41.6  u
 42.4  NaN  42.4  42.4  u
 43.2  NaN  43.2  43.2  u
 44  NaN  44  44  u
 44.8  NaN  44.8  44.8  u
 45.6  NaN  45.6  45.6  u
 46.4  NaN  46.4  46.4  u
 47.2  NaN  47.2  47.2  u
 48  NaN  48  48  u
 48.8  NaN  48.8  48.8  u
 49.6  NaN  49.6  49.6  u
 50.4  NaN  50.4  50.4  u
 51.2  NaN  51.2  51.2  u
 52  NaN  52  52  u
 52.8  NaN  52.8  52.8  u
 53.6  NaN  53.6  53.6  u
 54.4  NaN  54.4  54.4  u
 55.2  NaN  55.2  55.2  u
 56  NaN  56  56  u
 56.8  NaN  56.8  56.8  u
 57.6  NaN  57.6  57.6  u
 58.4  NaN  58.4  58.4  u
 59.2  NaN  59.2  59.2  u
 60  NaN  60  60  u
 60.8  NaN  60.8  60.8  u
 61.6  NaN  61.6  61.6  u
 62.4  NaN  62.4  62.4  u
 63.2  NaN  63.2  63.2  u
 64  NaN  64  64  u
 64.8  NaN  64.8  64.8  u
 65.6  NaN  65.6  65.6  u
 66.4  NaN  66.4  66.4  u
 67.2  NaN  67.2  67.2  u
 68  NaN  68  68  u
 68.8  NaN  68.8  68.8  u
 69.6  NaN  69.6  69.6  u
 70.4  NaN  70.4  70.4  u
 71.2  NaN  71.2  71.2  u
 72  NaN  72  72  u
 72.8  NaN  72.8  72.8  u
 73.6  NaN  73.6  73.6  u
 74.4  NaN  74.4  74.4  u
 75.2  NaN  75.2  75.2  u
 76  NaN  76  76  u
 76.8  NaN  76.8  76.8  u
 77.6  NaN  77.6  77.6  u
 78.4  NaN  78.4  78.4  u
 79.2  NaN  79.2  79.2  u
 80  NaN  80  80  u
 80.8  NaN  80.8  80.8  u
 81.6  NaN  81.6  81.6  u
 82.4  NaN  82.4  82.4  u
 83.2  NaN  83.2  83.2  u

 0  0  0  0  i
 0.8  0.002533  0.8  0.8  i
 1.6  0.006723  1.6  1.6  i
 2.4  0.010318  2.4  2.4  i
 3.2  0.011451  3.2  3.2  i
 4  0.013062  4  4  i
 4.8  0.013395  4.8  4.8  i
 5.6  0.011822  5.6  5.6  i
 6.4  0.011837  6.4  6.4  i
 7.2  0.011406  7.2  7.2  i
 8  0.010071  8  8  i
 8.8  0.00824  8.8  8.8  i
 9.6  0.007121  9.6  9.6  i
 10.4  0.006017  10.4  10.4  i
 11.2  0.004861  11.2  11.2  i
 12  0.00432  12  12  i
 12.8  0.004243  12.8  12.8  i
 13.6  0.004136  13.6  13.6  i
 14.4  NaN  14.4  14.4  u
 15.2  NaN  15.2  15.2  u
 16  NaN  16  16  u
 16.8  NaN  16.8  16.8  u
 17.6  NaN  17.6  17.6  u
 18.4  NaN  18.4  18.4  u
 19.2  NaN  19.2  19.2  u
 20  NaN  20  20  u
 20.8  NaN  20.8  20.8  u
 21.6  NaN  21.6  21.6  u
 22.4  NaN  22.4  22.4  u
 23.2  NaN  23.2  23.2  u
 24  NaN  24  24  u
 24.8  NaN  24.8  24.8  u
 25.6  NaN  25.6  25.6  u
 26.4  NaN  26.4  26.4  u
 27.2  NaN  27.2  27.2  u
 28  NaN  28  28  u
 28.8  NaN  28.8  28.8  u
 29.6  NaN  29.6  29.6  u
 30.4  NaN  30.4  30.4  u
 31.2  NaN  31.2  31.2  u
 32  NaN  32  32  u
 32.8  NaN  32.8  32.8  u
 33.6  NaN  33.6  33.6  u
 34.4  NaN  34.4  34.4  u
 35.2  NaN  35.2  35.2  u
 36  NaN  36  36  u
 36.8  NaN  36.8  36.8  u
 37.6  NaN  37.6  37.6  u
 38.4  NaN  38.4  38.4  u
 39.2  NaN  39.2  39.2  u
 40  NaN  40  40  u
 40.8  NaN  40.8  40.8  u
 41.6  NaN  41.6  41.6  u
 42.4  NaN  42.4  42.4  u
 43.2  NaN  43.2  43.2  u
 44  NaN  44  44  u
 44.8  NaN  44.8  44.8  u
 45.6  NaN  45.6  45.6  u
 46.4  NaN  46.4  46.4  u
 47.2  NaN  47.2  47.2  u
 48  NaN  48  48  u
 48.8  NaN  48.8  48.8  u
 49.6  NaN  49.6  49.6  u
 50.4  NaN  50.4  50.4  u
 51.2  NaN  51.2  51.2  u
 52  NaN  52  52  u
 52.8  NaN  52.8  52.8  u
 53.6  NaN  53.6  53.6  u
 54.4  NaN  54.4  54.4  u
 55.2  NaN  55.2  55.2  u
 56  NaN  56  56  u
 56.8  NaN  56.8  56.8  u
 57.6  NaN  57.6  57.6  u
 58.4  NaN  58.4  58.4  u
 59.2  NaN  59.2  59.2  u
 60  NaN  60  60  u
 60.8  NaN  60.8  60.8  u
 61.6  NaN  61.6  61.6  u
 62.4  NaN  62.4  62.4  u
 63.2  NaN  63.2  63.2  u
 64  NaN  64  64  u
 64.8  NaN  64.8  64.8  u
 65.6  NaN  65.6  65.6  u
 66.4  NaN  66.4  66.4  u
 67.2  NaN  67.2  67.2  u
 68  NaN  68  68  u
 68.8  NaN  68.8  68.8  u
 69.6  NaN  69.6  69.6  u
 70.4  NaN  70.4  70.4  u
 71.2  NaN  71.2  71.2  u
 72  NaN  72  72  u
 72.8  NaN  72.8  72.8  u
 73.6  NaN  73.6  73.6  u
 74.4  NaN  74.4  74.4  u
 75.2  NaN  75.2  75.2  u
 76  NaN  76  76  u
 76.8  NaN  76.8  76.8  u
 77.6  NaN  77.6  77.6  u
 78.4  NaN  78.4  78.4  u
 79.2  NaN  79.2  79.2  u
 80  NaN  80  80  u
 80.8  NaN  80.8  80.8  u
 81.6  NaN  81.6  81.6  u
 82.4  NaN  82.4  82.4  u


# Curve 5 of 6, 35 points
# x y type
 0  NaN  u
 0.8  NaN  u
 1.6  NaN  u
 2.4  NaN  u
 3.2  NaN  u
 4  NaN  u
 4.8  NaN  u
 5.6  NaN  u
 6.4  NaN  u
 7.2  NaN  u
 8  NaN  u
 8.8  NaN  u
 9.6  NaN  u
 10.4  NaN  u
 11.2  NaN  u
 12  NaN  u
 12.8  NaN  u

 0  0  i
 0.8  0.021401  i
 1.6  0.072902  i
 2.4  0.143639  i
 3.2  0.187523  i
 4  0.204688  i
 4.8  0.181075  i
 5.6  0.128937  i
 6.4  0.099946  i
 7.2  0.07613  i
 8  0.054995  i
 8.8  0.035488  i
 9.6  0.022013  i
 10.4  0.012306  i
 11.2  0.00624  i
 12  0.002716  i
 12.8  0  i

