
# Curve 0 of 6, 39 points
# Curve title: "t[10^6{/Symbol t}] = 0.0"
# x y xlow xhigh type
 0  NaN  0  0  u
 0.8  NaN  0.8  0.8  u
 1.6  NaN  1.6  1.6  u
 2.4  NaN  2.4  2.4  u
 3.2  NaN  3.2  3.2  u
 4  NaN  4  4  u
 4.8  NaN  4.8  4.8  u
 5.6  NaN  5.6  5.6  u
 6.4  NaN  6.4  6.4  u
 7.2  NaN  7.2  7.2  u
 8  NaN  8  8  u
 8.8  NaN  8.8  8.8  u
 9.6  NaN  9.6  9.6  u
 10.4  NaN  10.4  10.4  u
 11.2  NaN  11.2  11.2  u
 12  NaN  12  12  u
 12.8  NaN  12.8  12.8  u
 13.6  NaN  13.6  13.6  u
 14.4  NaN  14.4  14.4  u

 0  0  0  0  i
 0.8  0.024392  0.8  0.8  i
 1.6  0.082786  1.6  1.6  i
 2.4  0.155619  2.4  2.4  i
 3.2  0.194723  3.2  3.2  i
 4  0.2045  4  4  i
 4.8  0.176531  4.8  4.8  i
 5.6  0.128067  5.6  5.6  i
 6.4  0.099542  6.4  6.4  i
 7.2  0.071122  7.2  7.2  i
 8  0.047937  8  8  i
 8.8  0.029895  8.8  8.8  i
 9.6  0.018818  9.6  9.6  i
 10.4  0.010229  10.4  10.4  i
 11.2  0.004243  11.2  11.2  i
 12  0.000773  12  12  i
 12.8  0.000319  12.8  12.8  i
 13.6  0.000502  13.6  13.6  i
 14.4  0  14.4  14.4  i


# Curve 1 of 6, 251 points
# Curve title: "1.2"
# x y xlow xhigh type
 0  NaN  0  0  u
 0.8  NaN  0.8  0.8  u
 1.6  NaN  1.6  1.6  u
 2.4  NaN  2.4  2.4  u
 3.2  NaN  3.2  3.2  u
 4  NaN  4  4  u
 4.8  NaN  4.8  4.8  u
 5.6  NaN  5.6  5.6  u
 6.4  NaN  6.4  6.4  u
 7.2  NaN  7.2  7.2  u
 8  NaN  8  8  u
 8.8  NaN  8.8  8.8  u
 9.6  NaN  9.6  9.6  u
 10.4  NaN  10.4  10.4  u
 11.2  NaN  11.2  11.2  u
 12  NaN  12  12  u
 12.8  NaN  12.8  12.8  u
 13.6  NaN  13.6  13.6  u
 14.4  NaN  14.4  14.4  u
 15.2  NaN  15.2  15.2  u
 16  NaN  16  16  u
 16.8  NaN  16.8  16.8  u
 17.6  NaN  17.6  17.6  u
 18.4  NaN  18.4  18.4  u
 19.2  NaN  19.2  19.2  u
 20  NaN  20  20  u
 20.8  NaN  20.8  20.8  u
 21.6  NaN  21.6  21.6  u
 22.4  NaN  22.4  22.4  u
 23.2  NaN  23.2  23.2  u
 24  NaN  24  24  u
 24.8  NaN  24.8  24.8  u
 25.6  NaN  25.6  25.6  u
 26.4  NaN  26.4  26.4  u
 27.2  NaN  27.2  27.2  u
 28  NaN  28  28  u
 28.8  NaN  28.8  28.8  u
 29.6  NaN  29.6  29.6  u
 30.4  NaN  30.4  30.4  u
 31.2  NaN  31.2  31.2  u
 32  NaN  32  32  u
 32.8  NaN  32.8  32.8  u
 33.6  NaN  33.6  33.6  u
 34.4  NaN  34.4  34.4  u
 35.2  NaN  35.2  35.2  u
 36  NaN  36  36  u
 36.8  NaN  36.8  36.8  u
 37.6  NaN  37.6  37.6  u
 38.4  NaN  38.4  38.4  u
 39.2  NaN  39.2  39.2  u
 40  NaN  40  40  u
 40.8  NaN  40.8  40.8  u
 41.6  NaN  41.6  41.6  u
 42.4  NaN  42.4  42.4  u
 43.2  NaN  43.2  43.2  u
 44  NaN  44  44  u
 44.8  NaN  44.8  44.8  u
 45.6  NaN  45.6  45.6  u
 46.4  NaN  46.4  46.4  u
 47.2  NaN  47.2  47.2  u
 48  NaN  48  48  u
 48.8  NaN  48.8  48.8  u
 49.6  NaN  49.6  49.6  u
 50.4  NaN  50.4  50.4  u
 51.2  NaN  51.2  51.2  u
 52  NaN  52  52  u
 52.8  NaN  52.8  52.8  u
 53.6  NaN  53.6  53.6  u
 54.4  NaN  54.4  54.4  u
 55.2  NaN  55.2  55.2  u
 56  NaN  56  56  u
 56.8  NaN  56.8  56.8  u
 57.6  NaN  57.6  57.6  u
 58.4  NaN  58.4  58.4  u
 59.2  NaN  59.2  59.2  u
 60  NaN  60  60  u
 60.8  NaN  60.8  60.8  u
 61.6  NaN  61.6  61.6  u
 62.4  NaN  62.4  62.4  u
 63.2  NaN  63.2  63.2  u
 64  NaN  64  64  u
 64.8  NaN  64.8  64.8  u
 65.6  NaN  65.6  65.6  u
 66.4  NaN  66.4  66.4  u
 67.2  NaN  67.2  67.2  u
 68  NaN  68  68  u
 68.8  NaN  68.8  68.8  u
 69.6  NaN  69.6  69.6  u
 70.4  NaN  70.4  70.4  u
 71.2  NaN  71.2  71.2  u
 72  NaN  72  72  u
 72.8  NaN  72.8  72.8  u
 73.6  NaN  73.6  73.6  u
 74.4  NaN  74.4  74.4  u
 75.2  NaN  75.2  75.2  u
 76  NaN  76  76  u
 76.8  NaN  76.8  76.8  u
 77.6  NaN  77.6  77.6  u
 78.4  NaN  78.4  78.4  u
 79.2  NaN  79.2  79.2  u
 80  NaN  80  80  u
 80.8  NaN  80.8  80.8  u
 81.6  NaN  81.6  81.6  u
 82.4  NaN  82.4  82.4  u
 83.2  NaN  83.2  83.2  u
 84  NaN  84  84  u
 84.8  NaN  84.8  84.8  u
 85.6  NaN  85.6  85.6  u
 86.4  NaN  86.4  86.4  u
 87.2  NaN  87.2  87.2  u
 88  NaN  88  88  u
 88.8  NaN  88.8  88.8  u
 89.6  NaN  89.6  89.6  u
 90.4  NaN  90.4  90.4  u
 91.2  NaN  91.2  91.2  u
 92  NaN  92  92  u
 92.8  NaN  92.8  92.8  u
 93.6  NaN  93.6  93.6  u
 94.4  NaN  94.4  94.4  u
 95.2  NaN  95.2  95.2  u
 96  NaN  96  96  u
 96.8  NaN  96.8  96.8  u
 97.6  NaN  97.6  97.6  u
 98.4  NaN  98.4  98.4  u
 99.2  NaN  99.2  99.2  u

 0  0  0  0  i
 0.8  0.002024  0.8  0.8  i
 1.6  0.005336  1.6  1.6  i
 2.4  0.008221  2.4  2.4  i
 3.2  0.009189  3.2  3.2  i
 4  0.010493  4  4  i
 4.8  0.010774  4.8  4.8  i
 5.6  0.009695  5.6  5.6  i
 6.4  0.009914  6.4  6.4  i
 7.2  0.009485  7.2  7.2  i
 8  0.008183  8  8  i
 8.8  0.006463  8.8  8.8  i
 9.6  0.005574  9.6  9.6  i
 10.4  0.004935  10.4  10.4  i
 11.2  0.004429  11.2  11.2  i
 12  0.004184  12  12  i
 12.8  0.003916  12.8  12.8  i
 13.6  0.003719  13.6  13.6  i
 14.4  0.003538  14.4  14.4  i
 15.2  0.003674  15.2  15.2  i
 16  0.003802  16  16  i
 16.8  0.004714  16.8  16.8  i
 17.6  0.005016  17.6  17.6  i
 18.4  0.004573  18.4  18.4  i
 19.2  0.003708  19.2  19.2  i
 20  0.002416  20  20  i
 20.8  0.002602  20.8  20.8  i
 21.6  0.002709  21.6  21.6  i
 22.4  0.002696  22.4  22.4  i
 23.2  0.003862  23.2  23.2  i
 24  0.00397  24  24  i
 24.8  0.004089  24.8  24.8  i
 25.6  0.003993  25.6  25.6  i
 26.4  0.002928  26.4  26.4  i
 27.2  0.003695  27.2  27.2  i
 28  0.004387  28  28  i
 28.8  0.004253  28.8  28.8  i
 29.6  0.007038  29.6  29.6  i
 30.4  0.011427  30.4  30.4  i
 31.2  0.013599  31.2  31.2  i
 32  0.009151  32  32  i
 32.8  0.004128  32.8  32.8  i
 33.6  0.007896  33.6  33.6  i
 34.4  0.009121  34.4  34.4  i
 35.2  0.012097  35.2  35.2  i
 36  0.014966  36  36  i
 36.8  0.012014  36.8  36.8  i
 37.6  0.011768  37.6  37.6  i
 38.4  0.007551  38.4  38.4  i
 39.2  0.013898  39.2  39.2  i
 40  0.014076  40  40  i
 40.8  0.004277  40.8  40.8  i
 41.6  0.004609  41.6  41.6  i
 42.4  0.00994  42.4  42.4  i
 43.2  0.017415  43.2  43.2  i
 44  0.012794  44  44  i
 44.8  0.018369  44.8  44.8  i
 45.6  0.018644  45.6  45.6  i
 46.4  0.014136  46.4  46.4  i
 47.2  0.019867  47.2  47.2  i
 48  0.011702  48  48  i
 48.8  0.013329  48.8  48.8  i
 49.6  0.01388  49.6  49.6  i
 50.4  0.014044  50.4  50.4  i
 51.2  0.023235  51.2  51.2  i
 52  0.034974  52  52  i
 52.8  0.026411  52.8  52.8  i
 53.6  0.014874  53.6  53.6  i
 54.4  0.014107  54.4  54.4  i
 55.2  0.01459  55.2  55.2  i
 56  0.014211  56  56  i
 56.8  0.015925  56.8  56.8  i
 57.6  0.025891  57.6  57.6  i
 58.4  0.014407  58.4  58.4  i
 59.2  0.017418  59.2  59.2  i
 60  0.017614  60  60  i
 60.8  0.00494  60.8  60.8  i
 61.6  0.020342  61.6  61.6  i
 62.4  0.018854  62.4  62.4  i
 63.2  0.016343  63.2  63.2  i
 64  0.029171  64  64  i
 64.8  0.01498  64.8  64.8  i
 65.6  0.00204  65.6  65.6  i
 66.4  0.002263  66.4  66.4  i
 67.2  0.002109  67.2  67.2  i
 68  0.018362  68  68  i
 68.8  0.017685  68.8  68.8  i
 69.6  0.000694  69.6  69.6  i
 70.4  0.000707  70.4  70.4  i
 71.2  0.00074  71.2  71.2  i
 72  0.000781  72  72  i
 72.8  0.000893  72.8  72.8  i
 73.6  0.001168  73.6  73.6  i
 74.4  0.001332  74.4  74.4  i
 75.2  0.001816  75.2  75.2  i
 76  0.002813  76  76  i
 76.8  0.024919  76.8  76.8  i
 77.6  0.046916  77.6  77.6  i
 78.4  0.02403  78.4  78.4  i
 79.2  0.000868  79.2  79.2  i
 80  0.001031  80  80  i
 80.8  0.001062  80.8  80.8  i
 81.6  0.00105  81.6  81.6  i
 82.4  0.001219  82.4  82.4  i
 83.2  0.001475  83.2  83.2  i
 84  0.002002  84  84  i
 84.8  0.002799  84.8  84.8  i
 85.6  0.002962  85.6  85.6  i
 86.4  0.002439  86.4  86.4  i
 87.2  0.002714  87.2  87.2  i
 88  0.002952  88  88  i
 88.8  0.002922  88.8  88.8  i
 89.6  0.003897  89.6  89.6  i
 90.4  0.060982  90.4  90.4  i
 91.2  0.059045  91.2  91.2  i
 92  0.031569  92  92  i
 92.8  0.031785  92.8  92.8  i
 93.6  0.000696  93.6  93.6  i
 94.4  0.000589  94.4  94.4  i
 95.2  0.000694  95.2  95.2  i
 96  0.000658  96  96  i
 96.8  0.000944  96.8  96.8  i
 97.6  0.001355  97.6  97.6  i
 98.4  0.035839  98.4  98.4  i
 99.2  0  99.2  99.2  i


# Curve 2 of 6, 39 points
# x y xlow xhigh type
 0  NaN  0  0  u
 0.8  NaN  0.8  0.8  u
 1.6  NaN  1.6  1.6  u
 2.4  NaN  2.4  2.4  u
 3.2  NaN  3.2  3.2  u
 4  NaN  4  4  u
 4.8  NaN  4.8  4.8  u
 5.6  NaN  5.6  5.6  u
 6.4  NaN  6.4  6.4  u
 7.2  NaN  7.2  7.2  u
 8  NaN  8  8  u
 8.8  NaN  8.8  8.8  u
 9.6  NaN  9.6  9.6  u
 10.4  NaN  10.4  10.4  u
 11.2  NaN  11.2  11.2  u
 12  NaN  12  12  u
 12.8  NaN  12.8  12.8  u
 13.6  NaN  13.6  13.6  u
 14.4  NaN  14.4  14.4  u

 0  0  0  0  i
 0.8  0.024392  0.8  0.8  i
 1.6  0.082786  1.6  1.6  i
 2.4  0.155619  2.4  2.4  i
 3.2  0.194723  3.2  3.2  i
 4  0.2045  4  4  i
 4.8  0.176531  4.8  4.8  i
 5.6  0.128067  5.6  5.6  i
 6.4  0.099542  6.4  6.4  i
 7.2  0.071122  7.2  7.2  i
 8  0.047937  8  8  i
 8.8  0.029895  8.8  8.8  i
 9.6  0.018818  9.6  9.6  i
 10.4  0.010229  10.4  10.4  i
 11.2  0.004243  11.2  11.2  i
 12  0.000773  12  12  i
 12.8  0.000319  12.8  12.8  i
 13.6  0.000502  13.6  13.6  i
 14.4  0  14.4  14.4  i


# Curve 3 of 6, 251 points
# x y type
 0  NaN  u
 0.8  NaN  u
 1.6  NaN  u
 2.4  NaN  u
 3.2  NaN  u
 4  NaN  u
 4.8  NaN  u
 5.6  NaN  u
 6.4  NaN  u
 7.2  NaN  u
 8  NaN  u
 8.8  NaN  u
 9.6  NaN  u
 10.4  NaN  u
 11.2  NaN  u
 12  NaN  u
 12.8  NaN  u
 13.6  NaN  u
 14.4  NaN  u
 15.2  NaN  u
 16  NaN  u
 16.8  NaN  u
 17.6  NaN  u
 18.4  NaN  u
 19.2  NaN  u
 20  NaN  u
 20.8  NaN  u
 21.6  NaN  u
 22.4  NaN  u
 23.2  NaN  u
 24  NaN  u
 24.8  NaN  u
 25.6  NaN  u
 26.4  NaN  u
 27.2  NaN  u
 28  NaN  u
 28.8  NaN  u
 29.6  NaN  u
 30.4  NaN  u
 31.2  NaN  u
 32  NaN  u
 32.8  NaN  u
 33.6  NaN  u
 34.4  NaN  u
 35.2  NaN  u
 36  NaN  u
 36.8  NaN  u
 37.6  NaN  u
 38.4  NaN  u
 39.2  NaN  u
 40  NaN  u
 40.8  NaN  u
 41.6  NaN  u
 42.4  NaN  u
 43.2  NaN  u
 44  NaN  u
 44.8  NaN  u
 45.6  NaN  u
 46.4  NaN  u
 47.2  NaN  u
 48  NaN  u
 48.8  NaN  u
 49.6  NaN  u
 50.4  NaN  u
 51.2  NaN  u
 52  NaN  u
 52.8  NaN  u
 53.6  NaN  u
 54.4  NaN  u
 55.2  NaN  u
 56  NaN  u
 56.8  NaN  u
 57.6  NaN  u
 58.4  NaN  u
 59.2  NaN  u
 60  NaN  u
 60.8  NaN  u
 61.6  NaN  u
 62.4  NaN  u
 63.2  NaN  u
 64  NaN  u
 64.8  NaN  u
 65.6  NaN  u
 66.4  NaN  u
 67.2  NaN  u
 68  NaN  u
 68.8  NaN  u
 69.6  NaN  u
 70.4  NaN  u
 71.2  NaN  u
 72  NaN  u
 72.8  NaN  u
 73.6  NaN  u
 74.4  NaN  u
 75.2  NaN  u
 76  NaN  u
 76.8  NaN  u
 77.6  NaN  u
 78.4  NaN  u
 79.2  NaN  u
 80  NaN  u
 80.8  NaN  u
 81.6  NaN  u
 82.4  NaN  u
 83.2  NaN  u
 84  NaN  u
 84.8  NaN  u
 85.6  NaN  u
 86.4  NaN  u
 87.2  NaN  u
 88  NaN  u
 88.8  NaN  u
 89.6  NaN  u
 90.4  NaN  u
 91.2  NaN  u
 92  NaN  u
 92.8  NaN  u
 93.6  NaN  u
 94.4  NaN  u
 95.2  NaN  u
 96  NaN  u
 96.8  NaN  u
 97.6  NaN  u
 98.4  NaN  u
 99.2  NaN  u

 0  0  i
 0.8  0.002024  i
 1.6  0.005336  i
 2.4  0.008221  i
 3.2  0.009189  i
 4  0.010493  i
 4.8  0.010774  i
 5.6  0.009695  i
 6.4  0.009914  i
 7.2  0.009485  i
 8  0.008183  i
 8.8  0.006463  i
 9.6  0.005574  i
 10.4  0.004935  i
 11.2  0.004429  i
 12  0.004184  i
 12.8  0.003916  i
 13.6  0.003719  i
 14.4  0.003538  i
 15.2  0.003674  i
 16  0.003802  i
 16.8  0.004714  i
 17.6  0.005016  i
 18.4  0.004573  i
 19.2  0.003708  i
 20  0.002416  i
 20.8  0.002602  i
 21.6  0.002709  i
 22.4  0.002696  i
 23.2  0.003862  i
 24  0.00397  i
 24.8  0.004089  i
 25.6  0.003993  i
 26.4  0.002928  i
 27.2  0.003695  i
 28  0.004387  i
 28.8  0.004253  i
 29.6  0.007038  i
 30.4  0.011427  i
 31.2  0.013599  i
 32  0.009151  i
 32.8  0.004128  i
 33.6  0.007896  i
 34.4  0.009121  i
 35.2  0.012097  i
 36  0.014966  i
 36.8  0.012014  i
 37.6  0.011768  i
 38.4  0.007551  i
 39.2  0.013898  i
 40  0.014076  i
 40.8  0.004277  i
 41.6  0.004609  i
 42.4  0.00994  i
 43.2  0.017415  i
 44  0.012794  i
 44.8  0.018369  i
 45.6  0.018644  i
 46.4  0.014136  i
 47.2  0.019867  i
 48  0.011702  i
 48.8  0.013329  i
 49.6  0.01388  i
 50.4  0.014044  i
 51.2  0.023235  i
 52  0.034974  i
 52.8  0.026411  i
 53.6  0.014874  i
 54.4  0.014107  i
 55.2  0.01459  i
 56  0.014211  i
 56.8  0.015925  i
 57.6  0.025891  i
 58.4  0.014407  i
 59.2  0.017418  i
 60  0.017614  i
 60.8  0.00494  i
 61.6  0.020342  i
 62.4  0.018854  i
 63.2  0.016343  i
 64  0.029171  i
 64.8  0.01498  i
 65.6  0.00204  i
 66.4  0.002263  i
 67.2  0.002109  i
 68  0.018362  i
 68.8  0.017685  i
 69.6  0.000694  i
 70.4  0.000707  i
 71.2  0.00074  i
 72  0.000781  i
 72.8  0.000893  i
 73.6  0.001168  i
 74.4  0.001332  i
 75.2  0.001816  i
 76  0.002813  i
 76.8  0.024919  i
 77.6  0.046916  i
 78.4  0.02403  i
 79.2  0.000868  i
 80  0.001031  i
 80.8  0.001062  i
 81.6  0.00105  i
 82.4  0.001219  i
 83.2  0.001475  i
 84  0.002002  i
 84.8  0.002799  i
 85.6  0.002962  i
 86.4  0.002439  i
 87.2  0.002714  i
 88  0.002952  i
 88.8  0.002922  i
 89.6  0.003897  i
 90.4  0.060982  i
 91.2  0.059045  i
 92  0.031569  i
 92.8  0.031785  i
 93.6  0.000696  i
 94.4  0.000589  i
 95.2  0.000694  i
 96  0.000658  i
 96.8  0.000944  i
 97.6  0.001355  i
 98.4  0.035839  i
 99.2  0  i


# Curve 4 of 6, 250 points
# x y xlow xhigh type
 0  NaN  0  0  u
 0.8  NaN  0.8  0.8  u
 1.6  NaN  1.6  1.6  u
 2.4  NaN  2.4  2.4  u
 3.2  NaN  3.2  3.2  u
 4  NaN  4  4  u
 4.8  NaN  4.8  4.8  u
 5.6  NaN  5.6  5.6  u
 6.4  NaN  6.4  6.4  u
 7.2  NaN  7.2  7.2  u
 8  NaN  8  8  u
 8.8  NaN  8.8  8.8  u
 9.6  NaN  9.6  9.6  u
 10.4  NaN  10.4  10.4  u
 11.2  NaN  11.2  11.2  u
 12  NaN  12  12  u
 12.8  NaN  12.8  12.8  u
 13.6  NaN  13.6  13.6  u
 14.4  NaN  14.4  14.4  u
 15.2  NaN  15.2  15.2  u
 16  NaN  16  16  u
 16.8  NaN  16.8  16.8  u
 17.6  NaN  17.6  17.6  u
 18.4  NaN  18.4  18.4  u
 19.2  NaN  19.2  19.2  u
 20  NaN  20  20  u
 20.8  NaN  20.8  20.8  u
 21.6  NaN  21.6  21.6  u
 22.4  NaN  22.4  22.4  u
 23.2  NaN  23.2  23.2  u
 24  NaN  24  24  u
 24.8  NaN  24.8  24.8  u
 25.6  NaN  25.6  25.6  u
 26.4  NaN  26.4  26.4  u
 27.2  NaN  27.2  27.2  u
 28  NaN  28  28  u
 28.8  NaN  28.8  28.8  u
 29.6  NaN  29.6  29.6  u
 30.4  NaN  30.4  30.4  u
 31.2  NaN  31.2  31.2  u
 32  NaN  32  32  u
 32.8  NaN  32.8  32.8  u
 33.6  NaN  33.6  33.6  u
 34.4  NaN  34.4  34.4  u
 35.2  NaN  35.2  35.2  u
 36  NaN  36  36  u
 36.8  NaN  36.8  36.8  u
 37.6  NaN  37.6  37.6  u
 38.4  NaN  38.4  38.4  u
 39.2  NaN  39.2  39.2  u
 40  NaN  40  40  u
 40.8  NaN  40.8  40.8  u
 41.6  NaN  41.6  41.6  u
 42.4  NaN  42.4  42.4  u
 43.2  NaN  43.2  43.2  u
 44  NaN  44  44  u
 44.8  NaN  44.8  44.8  u
 45.6  NaN  45.6  45.6  u
 46.4  NaN  46.4  46.4  u
 47.2  NaN  47.2  47.2  u
 48  NaN  48  48  u
 48.8  NaN  48.8  48.8  u
 49.6  NaN  49.6  49.6  u
 50.4  NaN  50.4  50.4  u
 51.2  NaN  51.2  51.2  u
 52  NaN  52  52  u
 52.8  NaN  52.8  52.8  u
 53.6  NaN  53.6  53.6  u
 54.4  NaN  54.4  54.4  u
 55.2  NaN  55.2  55.2  u
 56  NaN  56  56  u
 56.8  NaN  56.8  56.8  u
 57.6  NaN  57.6  57.6  u
 58.4  NaN  58.4  58.4  u
 59.2  NaN  59.2  59.2  u
 60  NaN  60  60  u
 60.8  NaN  60.8  60.8  u
 61.6  NaN  61.6  61.6  u
 62.4  NaN  62.4  62.4  u
 63.2  NaN  63.2  63.2  u
 64  NaN  64  64  u
 64.8  NaN  64.8  64.8  u
 65.6  NaN  65.6  65.6  u
 66.4  NaN  66.4  66.4  u
 67.2  NaN  67.2  67.2  u
 68  NaN  68  68  u
 68.8  NaN  68.8  68.8  u
 69.6  NaN  69.6  69.6  u
 70.4  NaN  70.4  70.4  u
 71.2  NaN  71.2  71.2  u
 72  NaN  72  72  u
 72.8  NaN  72.8  72.8  u
 73.6  NaN  73.6  73.6  u
 74.4  NaN  74.4  74.4  u
 75.2  NaN  75.2  75.2  u
 76  NaN  76  76  u
 76.8  NaN  76.8  76.8  u
 77.6  NaN  77.6  77.6  u
 78.4  NaN  78.4  78.4  u
 79.2  NaN  79.2  79.2  u
 80  NaN  80  80  u
 80.8  NaN  80.8  80.8  u
 81.6  NaN  81.6  81.6  u
 82.4  NaN  82.4  82.4  u
 83.2  NaN  83.2  83.2  u
 84  NaN  84  84  u
 84.8  NaN  84.8  84.8  u
 85.6  NaN  85.6  85.6  u
 86.4  NaN  86.4  86.4  u
 87.2  NaN  87.2  87.2  u
 88  NaN  88  88  u
 88.8  NaN  88.8  88.8  u
 89.6  NaN  89.6  89.6  u
 90.4  NaN  90.4  90.4  u
 91.2  NaN  91.2  91.2  u
 92  NaN  92  92  u
 92.8  NaN  92.8  92.8  u
 93.6  NaN  93.6  93.6  u
 94.4  NaN  94.4  94.4  u
 95.2  NaN  95.2  95.2  u
 96  NaN  96  96  u
 96.8  NaN  96.8  96.8  u
 97.6  NaN  97.6  97.6  u
 98.4  NaN  98.4  98.4  u
 99.2  NaN  99.2  99.2  u

 0  0  0  0  i
 0.8  0.002024  0.8  0.8  i
 1.6  0.005336  1.6  1.6  i
 2.4  0.008221  2.4  2.4  i
 3.2  0.009189  3.2  3.2  i
 4  0.010493  4  4  i
 4.8  0.010774  4.8  4.8  i
 5.6  0.009695  5.6  5.6  i
 6.4  0.009914  6.4  6.4  i
 7.2  0.009485  7.2  7.2  i
 8  0.008183  8  8  i
 8.8  0.006463  8.8  8.8  i
 9.6  0.005574  9.6  9.6  i
 10.4  0.004935  10.4  10.4  i
 11.2  0.004429  11.2  11.2  i
 12  0.004184  12  12  i
 12.8  0.003916  12.8  12.8  i
 13.6  0.003719  13.6  13.6  i
 14.4  NaN  14.4  14.4  u
 15.2  NaN  15.2  15.2  u
 16  NaN  16  16  u
 16.8  NaN  16.8  16.8  u
 17.6  NaN  17.6  17.6  u
 18.4  NaN  18.4  18.4  u
 19.2  NaN  19.2  19.2  u
 20  NaN  20  20  u
 20.8  NaN  20.8  20.8  u
 21.6  NaN  21.6  21.6  u
 22.4  NaN  22.4  22.4  u
 23.2  NaN  23.2  23.2  u
 24  NaN  24  24  u
 24.8  NaN  24.8  24.8  u
 25.6  NaN  25.6  25.6  u
 26.4  NaN  26.4  26.4  u
 27.2  NaN  27.2  27.2  u
 28  NaN  28  28  u
 28.8  NaN  28.8  28.8  u
 29.6  NaN  29.6  29.6  u
 30.4  NaN  30.4  30.4  u
 31.2  NaN  31.2  31.2  u
 32  NaN  32  32  u
 32.8  NaN  32.8  32.8  u
 33.6  NaN  33.6  33.6  u
 34.4  NaN  34.4  34.4  u
 35.2  NaN  35.2  35.2  u
 36  NaN  36  36  u
 36.8  NaN  36.8  36.8  u
 37.6  NaN  37.6  37.6  u
 38.4  NaN  38.4  38.4  u
 39.2  NaN  39.2  39.2  u
 40  NaN  40  40  u
 40.8  NaN  40.8  40.8  u
 41.6  NaN  41.6  41.6  u
 42.4  NaN  42.4  42.4  u
 43.2  NaN  43.2  43.2  u
 44  NaN  44  44  u
 44.8  NaN  44.8  44.8  u
 45.6  NaN  45.6  45.6  u
 46.4  NaN  46.4  46.4  u
 47.2  NaN  47.2  47.2  u
 48  NaN  48  48  u
 48.8  NaN  48.8  48.8  u
 49.6  NaN  49.6  49.6  u
 50.4  NaN  50.4  50.4  u
 51.2  NaN  51.2  51.2  u
 52  NaN  52  52  u
 52.8  NaN  52.8  52.8  u
 53.6  NaN  53.6  53.6  u
 54.4  NaN  54.4  54.4  u
 55.2  NaN  55.2  55.2  u
 56  NaN  56  56  u
 56.8  NaN  56.8  56.8  u
 57.6  NaN  57.6  57.6  u
 58.4  NaN  58.4  58.4  u
 59.2  NaN  59.2  59.2  u
 60  NaN  60  60  u
 60.8  NaN  60.8  60.8  u
 61.6  NaN  61.6  61.6  u
 62.4  NaN  62.4  62.4  u
 63.2  NaN  63.2  63.2  u
 64  NaN  64  64  u
 64.8  NaN  64.8  64.8  u
 65.6  NaN  65.6  65.6  u
 66.4  NaN  66.4  66.4  u
 67.2  NaN  67.2  67.2  u
 68  NaN  68  68  u
 68.8  NaN  68.8  68.8  u
 69.6  NaN  69.6  69.6  u
 70.4  NaN  70.4  70.4  u
 71.2  NaN  71.2  71.2  u
 72  NaN  72  72  u
 72.8  NaN  72.8  72.8  u
 73.6  NaN  73.6  73.6  u
 74.4  NaN  74.4  74.4  u
 75.2  NaN  75.2  75.2  u
 76  NaN  76  76  u
 76.8  NaN  76.8  76.8  u
 77.6  NaN  77.6  77.6  u
 78.4  NaN  78.4  78.4  u
 79.2  NaN  79.2  79.2  u
 80  NaN  80  80  u
 80.8  NaN  80.8  80.8  u
 81.6  NaN  81.6  81.6  u
 82.4  NaN  82.4  82.4  u
 83.2  NaN  83.2  83.2  u
 84  NaN  84  84  u
 84.8  NaN  84.8  84.8  u
 85.6  NaN  85.6  85.6  u
 86.4  NaN  86.4  86.4  u
 87.2  NaN  87.2  87.2  u
 88  NaN  88  88  u
 88.8  NaN  88.8  88.8  u
 89.6  NaN  89.6  89.6  u
 90.4  NaN  90.4  90.4  u
 91.2  NaN  91.2  91.2  u
 92  NaN  92  92  u
 92.8  NaN  92.8  92.8  u
 93.6  NaN  93.6  93.6  u
 94.4  NaN  94.4  94.4  u
 95.2  NaN  95.2  95.2  u
 96  NaN  96  96  u
 96.8  NaN  96.8  96.8  u
 97.6  NaN  97.6  97.6  u
 98.4  NaN  98.4  98.4  u


# Curve 5 of 6, 39 points
# x y type
 0  NaN  u
 0.8  NaN  u
 1.6  NaN  u
 2.4  NaN  u
 3.2  NaN  u
 4  NaN  u
 4.8  NaN  u
 5.6  NaN  u
 6.4  NaN  u
 7.2  NaN  u
 8  NaN  u
 8.8  NaN  u
 9.6  NaN  u
 10.4  NaN  u
 11.2  NaN  u
 12  NaN  u
 12.8  NaN  u
 13.6  NaN  u
 14.4  NaN  u

 0  0  i
 0.8  0.024392  i
 1.6  0.082786  i
 2.4  0.155619  i
 3.2  0.194723  i
 4  0.2045  i
 4.8  0.176531  i
 5.6  0.128067  i
 6.4  0.099542  i
 7.2  0.071122  i
 8  0.047937  i
 8.8  0.029895  i
 9.6  0.018818  i
 10.4  0.010229  i
 11.2  0.004243  i
 12  0.000773  i
 12.8  0.000319  i
 13.6  0.000502  i
 14.4  0  i

