
# Curve 0 of 2, 48 points
# x y ylow yhigh type
 1  0.249  0.2332  0.2648  i
 1.12616  0.363  0.3443  0.3817  i
 1.26824  0.4547  0.4335  0.4759  i
 1.42825  0.7232  0.6967  0.7497  i
 1.51567  0.9459  0.9151  0.9767  i
 1.60844  1.1068  1.0734  1.1402  i
 1.70689  1.2544  1.2181  1.2907  i
 1.77584  1.7569  1.7152  1.7986  i
 1.84759  1.7413  1.7  1.7826  i
 1.92223  1.9441  1.9001  1.9881  i
 1.96068  2.1296  2.0845  2.1747  i
 2.03989  2.1328  2.086  2.1796  i
 2.1223  2.474  2.4244  2.5236  i
 2.16474  2.8103  2.7592  2.8614  i
 2.2522  3.2151  3.159  3.2712  i
 2.34319  3.9729  3.911  4.0348  i
 2.43785  4.8018  4.7352  4.8684  i
 2.53634  5.8134  5.7377  5.8891  i
 2.63881  7.2036  7.1227  7.2845  i
 2.74542  8.7173  8.6275  8.8071  i
 2.85633  10.6642  10.5678  10.7606  i
 2.97173  12.8887  12.7823  12.9951  i
 3.09179  15.2485  15.1357  15.3613  i
 3.2167  17.7605  17.641  17.88  i
 3.34665  20.4373  20.3067  20.5679  i
 3.48186  23.2301  23.0977  23.3625  i
 3.62252  25.933  25.7943  26.0717  i
 3.76887  29.0436  28.9012  29.186  i
 3.92114  31.9083  31.7656  32.051  i
 4.07955  34.5898  34.4392  34.7404  i
 4.24436  37.6196  37.4659  37.7733  i
 4.41584  NaN -8.98847e+307 -8.98847e+307  u
 4.59424  NaN -8.98847e+307 -8.98847e+307  u
 4.77984  NaN -8.98847e+307 -8.98847e+307  u
 4.97295  NaN -8.98847e+307 -8.98847e+307  u
 5.17386  NaN -8.98847e+307 -8.98847e+307  u
 5.38288  NaN -8.98847e+307 -8.98847e+307  u
 5.60035  NaN -8.98847e+307 -8.98847e+307  u
 5.8266  NaN -8.98847e+307 -8.98847e+307  u
 6.062  NaN -8.98847e+307 -8.98847e+307  u
 6.3069  NaN -8.98847e+307 -8.98847e+307  u
 6.5617  NaN -8.98847e+307 -8.98847e+307  u
 6.82679  NaN -8.98847e+307 -8.98847e+307  u
 7.10259  NaN -8.98847e+307 -8.98847e+307  u
 7.38954  NaN -8.98847e+307 -8.98847e+307  u
 7.68808  NaN -8.98847e+307 -8.98847e+307  u
 7.99867  NaN -8.98847e+307 -8.98847e+307  u
 8.32182  NaN -8.98847e+307 -8.98847e+307  u


# Curve 1 of 2, 48 points
# x y type
 1  0.249  i
 1.12616  0.363  i
 1.26824  0.4547  i
 1.42825  0.7232  i
 1.51567  0.9459  i
 1.60844  1.1068  i
 1.70689  1.2544  i
 1.77584  1.7569  i
 1.84759  1.7413  i
 1.92223  1.9441  i
 1.96068  2.1296  i
 2.03989  2.1328  i
 2.1223  2.474  i
 2.16474  2.8103  i
 2.2522  3.2151  i
 2.34319  3.9729  i
 2.43785  4.8018  i
 2.53634  5.8134  i
 2.63881  7.2036  i
 2.74542  8.7173  i
 2.85633  10.6642  i
 2.97173  12.8887  i
 3.09179  15.2485  i
 3.2167  17.7605  i
 3.34665  20.4373  i
 3.48186  23.2301  i
 3.62252  25.933  i
 3.76887  29.0436  i
 3.92114  31.9083  i
 4.07955  34.5898  i
 4.24436  37.6196  i
 4.41584  NaN  u
 4.59424  NaN  u
 4.77984  NaN  u
 4.97295  NaN  u
 5.17386  NaN  u
 5.38288  NaN  u
 5.60035  NaN  u
 5.8266  NaN  u
 6.062  NaN  u
 6.3069  NaN  u
 6.5617  NaN  u
 6.82679  NaN  u
 7.10259  NaN  u
 7.38954  NaN  u
 7.68808  NaN  u
 7.99867  NaN  u
 8.32182  NaN  u

