
# Curve 0 of 2, 107 points
# x y xlow xhigh type
 0  NaN  0  0  u
 0.8  NaN  0.8  0.8  u
 1.6  NaN  1.6  1.6  u
 2.4  NaN  2.4  2.4  u
 3.2  NaN  3.2  3.2  u
 4  NaN  4  4  u
 4.8  NaN  4.8  4.8  u
 5.6  NaN  5.6  5.6  u
 6.4  NaN  6.4  6.4  u
 7.2  NaN  7.2  7.2  u
 8  NaN  8  8  u
 8.8  NaN  8.8  8.8  u
 9.6  NaN  9.6  9.6  u
 10.4  NaN  10.4  10.4  u
 11.2  NaN  11.2  11.2  u
 12  NaN  12  12  u
 12.8  NaN  12.8  12.8  u
 13.6  NaN  13.6  13.6  u
 14.4  NaN  14.4  14.4  u
 15.2  NaN  15.2  15.2  u
 16  NaN  16  16  u
 16.8  NaN  16.8  16.8  u
 17.6  NaN  17.6  17.6  u
 18.4  NaN  18.4  18.4  u
 19.2  NaN  19.2  19.2  u
 20  NaN  20  20  u
 20.8  NaN  20.8  20.8  u
 21.6  NaN  21.6  21.6  u
 22.4  NaN  22.4  22.4  u
 23.2  NaN  23.2  23.2  u
 24  NaN  24  24  u
 24.8  NaN  24.8  24.8  u
 25.6  NaN  25.6  25.6  u
 26.4  NaN  26.4  26.4  u
 27.2  NaN  27.2  27.2  u
 28  NaN  28  28  u
 28.8  NaN  28.8  28.8  u
 29.6  NaN  29.6  29.6  u
 30.4  NaN  30.4  30.4  u
 31.2  NaN  31.2  31.2  u
 32  NaN  32  32  u
 32.8  NaN  32.8  32.8  u
 33.6  NaN  33.6  33.6  u
 34.4  NaN  34.4  34.4  u
 35.2  NaN  35.2  35.2  u
 36  NaN  36  36  u
 36.8  NaN  36.8  36.8  u
 37.6  NaN  37.6  37.6  u
 38.4  NaN  38.4  38.4  u
 39.2  NaN  39.2  39.2  u
 40  NaN  40  40  u
 40.8  NaN  40.8  40.8  u
 41.6  NaN  41.6  41.6  u

 0  0  0  0  i
 0.8  0.004961  0.8  0.8  i
 1.6  0.017837  1.6  1.6  i
 2.4  0.031832  2.4  2.4  i
 3.2  0.035651  3.2  3.2  i
 4  0.034962  4  4  i
 4.8  0.030258  4.8  4.8  i
 5.6  0.021664  5.6  5.6  i
 6.4  0.01624  6.4  6.4  i
 7.2  0.012584  7.2  7.2  i
 8  0.009809  8  8  i
 8.8  0.007454  8.8  8.8  i
 9.6  0.007522  9.6  9.6  i
 10.4  0.008738  10.4  10.4  i
 11.2  0.008977  11.2  11.2  i
 12  0.008879  12  12  i
 12.8  0.010573  12.8  12.8  i
 13.6  0.012461  13.6  13.6  i
 14.4  0.01532  14.4  14.4  i
 15.2  0.017466  15.2  15.2  i
 16  0.01882  16  16  i
 16.8  0.018343  16.8  16.8  i
 17.6  0.019931  17.6  17.6  i
 18.4  0.029527  18.4  18.4  i
 19.2  0.035278  19.2  19.2  i
 20  0.030267  20  20  i
 20.8  0.034683  20.8  20.8  i
 21.6  0.036013  21.6  21.6  i
 22.4  0.027585  22.4  22.4  i
 23.2  0.035277  23.2  23.2  i
 24  0.049133  24  24  i
 24.8  0.042227  24.8  24.8  i
 25.6  0.029145  25.6  25.6  i
 26.4  0.040765  26.4  26.4  i
 27.2  0.050811  27.2  27.2  i
 28  0.041467  28  28  i
 28.8  0.031868  28.8  28.8  i
 29.6  0.036427  29.6  29.6  i
 30.4  0.034726  30.4  30.4  i
 31.2  0.025962  31.2  31.2  i
 32  0.029606  32  32  i
 32.8  0.045427  32.8  32.8  i
 33.6  0.030731  33.6  33.6  i
 34.4  0.016945  34.4  34.4  i
 35.2  0.023459  35.2  35.2  i
 36  0.011527  36  36  i
 36.8  0.011028  36.8  36.8  i
 37.6  0.009344  37.6  37.6  i
 38.4  0.004065  38.4  38.4  i
 39.2  0.021885  39.2  39.2  i
 40  0.037077  40  40  i
 40.8  0.027462  40.8  40.8  i
 41.6  0  41.6  41.6  i


# Curve 1 of 2, 107 points
# x y type
 0  NaN  u
 0.8  NaN  u
 1.6  NaN  u
 2.4  NaN  u
 3.2  NaN  u
 4  NaN  u
 4.8  NaN  u
 5.6  NaN  u
 6.4  NaN  u
 7.2  NaN  u
 8  NaN  u
 8.8  NaN  u
 9.6  NaN  u
 10.4  NaN  u
 11.2  NaN  u
 12  NaN  u
 12.8  NaN  u
 13.6  NaN  u
 14.4  NaN  u
 15.2  NaN  u
 16  NaN  u
 16.8  NaN  u
 17.6  NaN  u
 18.4  NaN  u
 19.2  NaN  u
 20  NaN  u
 20.8  NaN  u
 21.6  NaN  u
 22.4  NaN  u
 23.2  NaN  u
 24  NaN  u
 24.8  NaN  u
 25.6  NaN  u
 26.4  NaN  u
 27.2  NaN  u
 28  NaN  u
 28.8  NaN  u
 29.6  NaN  u
 30.4  NaN  u
 31.2  NaN  u
 32  NaN  u
 32.8  NaN  u
 33.6  NaN  u
 34.4  NaN  u
 35.2  NaN  u
 36  NaN  u
 36.8  NaN  u
 37.6  NaN  u
 38.4  NaN  u
 39.2  NaN  u
 40  NaN  u
 40.8  NaN  u
 41.6  NaN  u

 0  0  i
 0.8  0.004961  i
 1.6  0.017837  i
 2.4  0.031832  i
 3.2  0.035651  i
 4  0.034962  i
 4.8  0.030258  i
 5.6  0.021664  i
 6.4  0.01624  i
 7.2  0.012584  i
 8  0.009809  i
 8.8  0.007454  i
 9.6  0.007522  i
 10.4  0.008738  i
 11.2  0.008977  i
 12  0.008879  i
 12.8  0.010573  i
 13.6  0.012461  i
 14.4  0.01532  i
 15.2  0.017466  i
 16  0.01882  i
 16.8  0.018343  i
 17.6  0.019931  i
 18.4  0.029527  i
 19.2  0.035278  i
 20  0.030267  i
 20.8  0.034683  i
 21.6  0.036013  i
 22.4  0.027585  i
 23.2  0.035277  i
 24  0.049133  i
 24.8  0.042227  i
 25.6  0.029145  i
 26.4  0.040765  i
 27.2  0.050811  i
 28  0.041467  i
 28.8  0.031868  i
 29.6  0.036427  i
 30.4  0.034726  i
 31.2  0.025962  i
 32  0.029606  i
 32.8  0.045427  i
 33.6  0.030731  i
 34.4  0.016945  i
 35.2  0.023459  i
 36  0.011527  i
 36.8  0.011028  i
 37.6  0.009344  i
 38.4  0.004065  i
 39.2  0.021885  i
 40  0.037077  i
 40.8  0.027462  i
 41.6  0  i

