
# Curve 0 of 2, 33 points
# x y ylow yhigh type
 1  13.4176  13.3121  13.5231  i
 0.975  15.4727  15.3599  15.5855  i
 0.95  18.2111  18.0896  18.3326  i
 0.925  20.3857  20.2563  20.5151  i
 0.9  22.2122  22.0787  22.3457  i
 0.875  24.1279  23.991  24.2648  i
 0.85  25.8146  25.6756  25.9536  i
 0.825  27.273  27.1301  27.4159  i
 0.8  28.6988  28.5563  28.8413  i
 0.775  29.7196  29.5751  29.8641  i
 0.75  30.7029  30.5571  30.8487  i
 0.725  31.2821  31.1384  31.4258  i
 0.7  31.8681  31.7221  32.0141  i
 0.675  32.1062  31.9604  32.252  i
 0.65  32.2996  32.1518  32.4474  i
 0.625  32.4107  32.2651  32.5563  i
 0.6  32.4852  32.3374  32.633  i
 0.575  32.5548  32.4073  32.7023  i
 0.55  32.6975  32.5508  32.8442  i
 0.525  32.6813  32.5342  32.8284  i
 0.5  32.7918  32.6462  32.9374  i
 0.475  32.7997  32.652  32.9474  i
 0.45  32.9019  32.7566  33.0472  i
 0.425  32.8643  32.7149  33.0137  i
 0.4  32.8806  32.7329  33.0283  i
 0.375  32.9545  32.8076  33.1014  i
 0.35  32.9327  32.7847  33.0807  i
 0.325  32.9477  32.7984  33.097  i
 0.3  33.0212  32.8694  33.173  i
 0.275  32.9986  32.8508  33.1464  i
 0.25  33.0963  32.9476  33.245  i
 0.225  33.1217  32.9754  33.268  i
 0.2  33.0911  32.9453  33.2369  i


# Curve 1 of 2, 33 points
# x y type
 1  13.4176  i
 0.975  15.4727  i
 0.95  18.2111  i
 0.925  20.3857  i
 0.9  22.2122  i
 0.875  24.1279  i
 0.85  25.8146  i
 0.825  27.273  i
 0.8  28.6988  i
 0.775  29.7196  i
 0.75  30.7029  i
 0.725  31.2821  i
 0.7  31.8681  i
 0.675  32.1062  i
 0.65  32.2996  i
 0.625  32.4107  i
 0.6  32.4852  i
 0.575  32.5548  i
 0.55  32.6975  i
 0.525  32.6813  i
 0.5  32.7918  i
 0.475  32.7997  i
 0.45  32.9019  i
 0.425  32.8643  i
 0.4  32.8806  i
 0.375  32.9545  i
 0.35  32.9327  i
 0.325  32.9477  i
 0.3  33.0212  i
 0.275  32.9986  i
 0.25  33.0963  i
 0.225  33.1217  i
 0.2  33.0911  i

