
# Curve 0 of 2, 67 points
# x y xlow xhigh type
 0  NaN  0  0  u
 0.8  NaN  0.8  0.8  u
 1.6  NaN  1.6  1.6  u
 2.4  NaN  2.4  2.4  u
 3.2  NaN  3.2  3.2  u
 4  NaN  4  4  u
 4.8  NaN  4.8  4.8  u
 5.6  NaN  5.6  5.6  u
 6.4  NaN  6.4  6.4  u
 7.2  NaN  7.2  7.2  u
 8  NaN  8  8  u
 8.8  NaN  8.8  8.8  u
 9.6  NaN  9.6  9.6  u
 10.4  NaN  10.4  10.4  u
 11.2  NaN  11.2  11.2  u
 12  NaN  12  12  u
 12.8  NaN  12.8  12.8  u
 13.6  NaN  13.6  13.6  u
 14.4  NaN  14.4  14.4  u
 15.2  NaN  15.2  15.2  u
 16  NaN  16  16  u
 16.8  NaN  16.8  16.8  u
 17.6  NaN  17.6  17.6  u
 18.4  NaN  18.4  18.4  u
 19.2  NaN  19.2  19.2  u
 20  NaN  20  20  u
 20.8  NaN  20.8  20.8  u
 21.6  NaN  21.6  21.6  u
 22.4  NaN  22.4  22.4  u
 23.2  NaN  23.2  23.2  u
 24  NaN  24  24  u
 24.8  NaN  24.8  24.8  u
 25.6  NaN  25.6  25.6  u

 0  0  0  0  i
 0.8  0.021841  0.8  0.8  i
 1.6  0.064082  1.6  1.6  i
 2.4  0.103763  2.4  2.4  i
 3.2  0.118512  3.2  3.2  i
 4  0.129278  4  4  i
 4.8  0.123564  4.8  4.8  i
 5.6  0.097842  5.6  5.6  i
 6.4  0.085001  6.4  6.4  i
 7.2  0.070488  7.2  7.2  i
 8  0.056597  8  8  i
 8.8  0.046404  8.8  8.8  i
 9.6  0.038197  9.6  9.6  i
 10.4  0.040311  10.4  10.4  i
 11.2  0.04751  11.2  11.2  i
 12  0.047772  12  12  i
 12.8  0.037451  12.8  12.8  i
 13.6  0.025065  13.6  13.6  i
 14.4  0.02628  14.4  14.4  i
 15.2  0.024853  15.2  15.2  i
 16  0.016175  16  16  i
 16.8  0.00638  16.8  16.8  i
 17.6  0.00308  17.6  17.6  i
 18.4  0.003655  18.4  18.4  i
 19.2  0.004313  19.2  19.2  i
 20  0.003189  20  20  i
 20.8  0.000183  20.8  20.8  i
 21.6  0.000273  21.6  21.6  i
 22.4  0.00051  22.4  22.4  i
 23.2  0.000639  23.2  23.2  i
 24  0.000465  24  24  i
 24.8  0.006327  24.8  24.8  i
 25.6  0  25.6  25.6  i


# Curve 1 of 2, 67 points
# x y type
 0  NaN  u
 0.8  NaN  u
 1.6  NaN  u
 2.4  NaN  u
 3.2  NaN  u
 4  NaN  u
 4.8  NaN  u
 5.6  NaN  u
 6.4  NaN  u
 7.2  NaN  u
 8  NaN  u
 8.8  NaN  u
 9.6  NaN  u
 10.4  NaN  u
 11.2  NaN  u
 12  NaN  u
 12.8  NaN  u
 13.6  NaN  u
 14.4  NaN  u
 15.2  NaN  u
 16  NaN  u
 16.8  NaN  u
 17.6  NaN  u
 18.4  NaN  u
 19.2  NaN  u
 20  NaN  u
 20.8  NaN  u
 21.6  NaN  u
 22.4  NaN  u
 23.2  NaN  u
 24  NaN  u
 24.8  NaN  u
 25.6  NaN  u

 0  0  i
 0.8  0.021841  i
 1.6  0.064082  i
 2.4  0.103763  i
 3.2  0.118512  i
 4  0.129278  i
 4.8  0.123564  i
 5.6  0.097842  i
 6.4  0.085001  i
 7.2  0.070488  i
 8  0.056597  i
 8.8  0.046404  i
 9.6  0.038197  i
 10.4  0.040311  i
 11.2  0.04751  i
 12  0.047772  i
 12.8  0.037451  i
 13.6  0.025065  i
 14.4  0.02628  i
 15.2  0.024853  i
 16  0.016175  i
 16.8  0.00638  i
 17.6  0.00308  i
 18.4  0.003655  i
 19.2  0.004313  i
 20  0.003189  i
 20.8  0.000183  i
 21.6  0.000273  i
 22.4  0.00051  i
 23.2  0.000639  i
 24  0.000465  i
 24.8  0.006327  i
 25.6  0  i

