
# Curve 0 of 2, 49 points
# x y xlow xhigh type
 0  NaN  0  0  u
 0.8  NaN  0.8  0.8  u
 1.6  NaN  1.6  1.6  u
 2.4  NaN  2.4  2.4  u
 3.2  NaN  3.2  3.2  u
 4  NaN  4  4  u
 4.8  NaN  4.8  4.8  u
 5.6  NaN  5.6  5.6  u
 6.4  NaN  6.4  6.4  u
 7.2  NaN  7.2  7.2  u
 8  NaN  8  8  u
 8.8  NaN  8.8  8.8  u
 9.6  NaN  9.6  9.6  u
 10.4  NaN  10.4  10.4  u
 11.2  NaN  11.2  11.2  u
 12  NaN  12  12  u
 12.8  NaN  12.8  12.8  u
 13.6  NaN  13.6  13.6  u
 14.4  NaN  14.4  14.4  u
 15.2  NaN  15.2  15.2  u
 16  NaN  16  16  u
 16.8  NaN  16.8  16.8  u
 17.6  NaN  17.6  17.6  u
 18.4  NaN  18.4  18.4  u

 0  0  0  0  i
 0.8  0.01883  0.8  0.8  i
 1.6  0.055963  1.6  1.6  i
 2.4  0.09394  2.4  2.4  i
 3.2  0.112624  3.2  3.2  i
 4  0.130879  4  4  i
 4.8  0.134666  4.8  4.8  i
 5.6  0.114421  5.6  5.6  i
 6.4  0.101443  6.4  6.4  i
 7.2  0.087747  7.2  7.2  i
 8  0.071654  8  8  i
 8.8  0.058905  8.8  8.8  i
 9.6  0.048857  9.6  9.6  i
 10.4  0.037297  10.4  10.4  i
 11.2  0.03457  11.2  11.2  i
 12  0.031863  12  12  i
 12.8  0.028917  12.8  12.8  i
 13.6  0.026745  13.6  13.6  i
 14.4  0.01817  14.4  14.4  i
 15.2  0.013365  15.2  15.2  i
 16  0.012767  16  16  i
 16.8  0.009732  16.8  16.8  i
 17.6  0.006644  17.6  17.6  i
 18.4  0  18.4  18.4  i


# Curve 1 of 2, 49 points
# x y type
 0  NaN  u
 0.8  NaN  u
 1.6  NaN  u
 2.4  NaN  u
 3.2  NaN  u
 4  NaN  u
 4.8  NaN  u
 5.6  NaN  u
 6.4  NaN  u
 7.2  NaN  u
 8  NaN  u
 8.8  NaN  u
 9.6  NaN  u
 10.4  NaN  u
 11.2  NaN  u
 12  NaN  u
 12.8  NaN  u
 13.6  NaN  u
 14.4  NaN  u
 15.2  NaN  u
 16  NaN  u
 16.8  NaN  u
 17.6  NaN  u
 18.4  NaN  u

 0  0  i
 0.8  0.01883  i
 1.6  0.055963  i
 2.4  0.09394  i
 3.2  0.112624  i
 4  0.130879  i
 4.8  0.134666  i
 5.6  0.114421  i
 6.4  0.101443  i
 7.2  0.087747  i
 8  0.071654  i
 8.8  0.058905  i
 9.6  0.048857  i
 10.4  0.037297  i
 11.2  0.03457  i
 12  0.031863  i
 12.8  0.028917  i
 13.6  0.026745  i
 14.4  0.01817  i
 15.2  0.013365  i
 16  0.012767  i
 16.8  0.009732  i
 17.6  0.006644  i
 18.4  0  i

