
# Curve 0 of 2, 129 points
# x y xlow xhigh type
 0  NaN  0  0  u
 0.8  NaN  0.8  0.8  u
 1.6  NaN  1.6  1.6  u
 2.4  NaN  2.4  2.4  u
 3.2  NaN  3.2  3.2  u
 4  NaN  4  4  u
 4.8  NaN  4.8  4.8  u
 5.6  NaN  5.6  5.6  u
 6.4  NaN  6.4  6.4  u
 7.2  NaN  7.2  7.2  u
 8  NaN  8  8  u
 8.8  NaN  8.8  8.8  u
 9.6  NaN  9.6  9.6  u
 10.4  NaN  10.4  10.4  u
 11.2  NaN  11.2  11.2  u
 12  NaN  12  12  u
 12.8  NaN  12.8  12.8  u
 13.6  NaN  13.6  13.6  u
 14.4  NaN  14.4  14.4  u
 15.2  NaN  15.2  15.2  u
 16  NaN  16  16  u
 16.8  NaN  16.8  16.8  u
 17.6  NaN  17.6  17.6  u
 18.4  NaN  18.4  18.4  u
 19.2  NaN  19.2  19.2  u
 20  NaN  20  20  u
 20.8  NaN  20.8  20.8  u
 21.6  NaN  21.6  21.6  u
 22.4  NaN  22.4  22.4  u
 23.2  NaN  23.2  23.2  u
 24  NaN  24  24  u
 24.8  NaN  24.8  24.8  u
 25.6  NaN  25.6  25.6  u
 26.4  NaN  26.4  26.4  u
 27.2  NaN  27.2  27.2  u
 28  NaN  28  28  u
 28.8  NaN  28.8  28.8  u
 29.6  NaN  29.6  29.6  u
 30.4  NaN  30.4  30.4  u
 31.2  NaN  31.2  31.2  u
 32  NaN  32  32  u
 32.8  NaN  32.8  32.8  u
 33.6  NaN  33.6  33.6  u
 34.4  NaN  34.4  34.4  u
 35.2  NaN  35.2  35.2  u
 36  NaN  36  36  u
 36.8  NaN  36.8  36.8  u
 37.6  NaN  37.6  37.6  u
 38.4  NaN  38.4  38.4  u
 39.2  NaN  39.2  39.2  u
 40  NaN  40  40  u
 40.8  NaN  40.8  40.8  u
 41.6  NaN  41.6  41.6  u
 42.4  NaN  42.4  42.4  u
 43.2  NaN  43.2  43.2  u
 44  NaN  44  44  u
 44.8  NaN  44.8  44.8  u
 45.6  NaN  45.6  45.6  u
 46.4  NaN  46.4  46.4  u
 47.2  NaN  47.2  47.2  u
 48  NaN  48  48  u
 48.8  NaN  48.8  48.8  u
 49.6  NaN  49.6  49.6  u
 50.4  NaN  50.4  50.4  u

 0  0  0  0  i
 0.8  0.003368  0.8  0.8  i
 1.6  0.012605  1.6  1.6  i
 2.4  0.022829  2.4  2.4  i
 3.2  0.025354  3.2  3.2  i
 4  0.02637  4  4  i
 4.8  0.024255  4.8  4.8  i
 5.6  0.01832  5.6  5.6  i
 6.4  0.01558  6.4  6.4  i
 7.2  0.013176  7.2  7.2  i
 8  0.010534  8  8  i
 8.8  0.008633  8.8  8.8  i
 9.6  0.008552  9.6  9.6  i
 10.4  0.009111  10.4  10.4  i
 11.2  0.009121  11.2  11.2  i
 12  0.009311  12  12  i
 12.8  0.00909  12.8  12.8  i
 13.6  0.008598  13.6  13.6  i
 14.4  0.009176  14.4  14.4  i
 15.2  0.01022  15.2  15.2  i
 16  0.010893  16  16  i
 16.8  0.01659  16.8  16.8  i
 17.6  0.019365  17.6  17.6  i
 18.4  0.016662  18.4  18.4  i
 19.2  0.01667  19.2  19.2  i
 20  0.017322  20  20  i
 20.8  0.022735  20.8  20.8  i
 21.6  0.028991  21.6  21.6  i
 22.4  0.029531  22.4  22.4  i
 23.2  0.038053  23.2  23.2  i
 24  0.039199  24  24  i
 24.8  0.03135  24.8  24.8  i
 25.6  0.035077  25.6  25.6  i
 26.4  0.042085  26.4  26.4  i
 27.2  0.047298  27.2  27.2  i
 28  0.05182  28  28  i
 28.8  0.05054  28.8  28.8  i
 29.6  0.047538  29.6  29.6  i
 30.4  0.041902  30.4  30.4  i
 31.2  0.028475  31.2  31.2  i
 32  0.025174  32  32  i
 32.8  0.021482  32.8  32.8  i
 33.6  0.016583  33.6  33.6  i
 34.4  0.029546  34.4  34.4  i
 35.2  0.03532  35.2  35.2  i
 36  0.036399  36  36  i
 36.8  0.041464  36.8  36.8  i
 37.6  0.02178  37.6  37.6  i
 38.4  0.016559  38.4  38.4  i
 39.2  0.016524  39.2  39.2  i
 40  0.018331  40  40  i
 40.8  0.031726  40.8  40.8  i
 41.6  0.015553  41.6  41.6  i
 42.4  0.000813  42.4  42.4  i
 43.2  0.001352  43.2  43.2  i
 44  0.009877  44  44  i
 44.8  0.009223  44.8  44.8  i
 45.6  0.000184  45.6  45.6  i
 46.4  0.000205  46.4  46.4  i
 47.2  0.000177  47.2  47.2  i
 48  0.000374  48  48  i
 48.8  0.000883  48.8  48.8  i
 49.6  0.014172  49.6  49.6  i
 50.4  0  50.4  50.4  i


# Curve 1 of 2, 129 points
# x y type
 0  NaN  u
 0.8  NaN  u
 1.6  NaN  u
 2.4  NaN  u
 3.2  NaN  u
 4  NaN  u
 4.8  NaN  u
 5.6  NaN  u
 6.4  NaN  u
 7.2  NaN  u
 8  NaN  u
 8.8  NaN  u
 9.6  NaN  u
 10.4  NaN  u
 11.2  NaN  u
 12  NaN  u
 12.8  NaN  u
 13.6  NaN  u
 14.4  NaN  u
 15.2  NaN  u
 16  NaN  u
 16.8  NaN  u
 17.6  NaN  u
 18.4  NaN  u
 19.2  NaN  u
 20  NaN  u
 20.8  NaN  u
 21.6  NaN  u
 22.4  NaN  u
 23.2  NaN  u
 24  NaN  u
 24.8  NaN  u
 25.6  NaN  u
 26.4  NaN  u
 27.2  NaN  u
 28  NaN  u
 28.8  NaN  u
 29.6  NaN  u
 30.4  NaN  u
 31.2  NaN  u
 32  NaN  u
 32.8  NaN  u
 33.6  NaN  u
 34.4  NaN  u
 35.2  NaN  u
 36  NaN  u
 36.8  NaN  u
 37.6  NaN  u
 38.4  NaN  u
 39.2  NaN  u
 40  NaN  u
 40.8  NaN  u
 41.6  NaN  u
 42.4  NaN  u
 43.2  NaN  u
 44  NaN  u
 44.8  NaN  u
 45.6  NaN  u
 46.4  NaN  u
 47.2  NaN  u
 48  NaN  u
 48.8  NaN  u
 49.6  NaN  u
 50.4  NaN  u

 0  0  i
 0.8  0.003368  i
 1.6  0.012605  i
 2.4  0.022829  i
 3.2  0.025354  i
 4  0.02637  i
 4.8  0.024255  i
 5.6  0.01832  i
 6.4  0.01558  i
 7.2  0.013176  i
 8  0.010534  i
 8.8  0.008633  i
 9.6  0.008552  i
 10.4  0.009111  i
 11.2  0.009121  i
 12  0.009311  i
 12.8  0.00909  i
 13.6  0.008598  i
 14.4  0.009176  i
 15.2  0.01022  i
 16  0.010893  i
 16.8  0.01659  i
 17.6  0.019365  i
 18.4  0.016662  i
 19.2  0.01667  i
 20  0.017322  i
 20.8  0.022735  i
 21.6  0.028991  i
 22.4  0.029531  i
 23.2  0.038053  i
 24  0.039199  i
 24.8  0.03135  i
 25.6  0.035077  i
 26.4  0.042085  i
 27.2  0.047298  i
 28  0.05182  i
 28.8  0.05054  i
 29.6  0.047538  i
 30.4  0.041902  i
 31.2  0.028475  i
 32  0.025174  i
 32.8  0.021482  i
 33.6  0.016583  i
 34.4  0.029546  i
 35.2  0.03532  i
 36  0.036399  i
 36.8  0.041464  i
 37.6  0.02178  i
 38.4  0.016559  i
 39.2  0.016524  i
 40  0.018331  i
 40.8  0.031726  i
 41.6  0.015553  i
 42.4  0.000813  i
 43.2  0.001352  i
 44  0.009877  i
 44.8  0.009223  i
 45.6  0.000184  i
 46.4  0.000205  i
 47.2  0.000177  i
 48  0.000374  i
 48.8  0.000883  i
 49.6  0.014172  i
 50.4  0  i

